18
     0    82   100    94     0     0     0     0    88   100    99     0     0    93     0    85     0     0
    82     0     0     0     0     0     0     0     0    92    97    90    95     0     0     0    97    87
   100     0     0     0    91     0     0     0     0     0    88     0    88     0    83     0     0    89
    94     0     0     0     0    92    92     0     0     0     0    91    92     0    87     0     0     0
     0     0    91     0     0     0     0     0    96     0     0     0     0    97     0    91     0    82
     0     0     0    92     0     0     0     0     0   100    82     0    91     0   100     0   100     0
     0     0     0    92     0     0     0     0     0     0    84    87     0    99     0     0     0     0
     0     0     0     0     0     0     0     0     0     0     0    80     0    99     0     0     0    81
    88     0     0     0    96     0     0     0     0     0    93     0     0     0     0     0    95    91
   100    92     0     0     0   100     0     0     0     0     0     0     0     0     0    85    89     0
    99    97    88     0     0    82    84     0    93     0     0     0    98    97    95     0     0     0
     0    90     0    91     0     0    87    80     0     0     0     0     0     0    85     0     0    98
     0    95    88    92     0    91     0     0     0     0    98     0     0    83     0    98    87     0
    93     0     0     0    97     0    99    99     0     0    97     0    83     0     0     0     0     0
     0     0    83    87     0   100     0     0     0     0    95    85     0     0     0    93     0     0
    85     0     0     0    91     0     0     0     0    85     0     0    98     0    93     0     0    87
     0    97     0     0     0   100     0     0    95    89     0     0    87     0     0     0     0     0
     0    87    89     0    82     0     0    81    91     0     0    98     0     0     0    87     0     0
