16
     0    88    94    87    98     0     0    97     0    96    91    91    89    95     0     0
    88     0     0     0    90     0     0     0    83     0     0     0     0    82     0    94
    94     0     0     0    95     0    92     0     0    94    91     0     0    90     0    87
    87     0     0     0     0     0     0     0     0    88     0     0     0    80    98     0
    98    90    95     0     0     0     0    86    83     0     0     0     0     0     0     0
     0     0     0     0     0     0    90   100     0     0    82     0     0     0     0     0
     0     0    92     0     0    90     0     0     0     0    91    84     0    97    97    98
    97     0     0     0    86   100     0     0    82     0    92    94    98     0     0     0
     0    83     0     0    83     0     0    82     0     0     0     0     0     0     0    82
    96     0    94    88     0     0     0     0     0     0    84     0     0     0     0     0
    91     0    91     0     0    82    91    92     0    84     0     0    84    96    94    87
    91     0     0     0     0     0    84    94     0     0     0     0    96     0    86    82
    89     0     0     0     0     0     0    98     0     0    84    96     0    88     0     0
    95    82    90    80     0     0    97     0     0     0    96     0    88     0    98     0
     0     0     0    98     0     0    97     0     0     0    94    86     0    98     0     0
     0    94    87     0     0     0    98     0    82     0    87    82     0     0     0     0
