18
     0     0     0     0     0    19    14     0     0     0     0     0    18    17    13     0     0    17
     0     0    17    19    10     0     0     0     0    18    10     0    19     0     0     0     0     0
     0    17     0     0     0    14     0    14     0     0    17     0    18    14     0     0     0     0
     0    19     0     0     0    15    12    20     0    17     0     0     0     0     0     0    19     0
     0    10     0     0     0     0     0    14    20     0    10    19     0     0    20     0     0     0
    19     0    14    15     0     0    13     0     0     0     0     0     0     0     0    14     0    16
    14     0     0    12     0    13     0    14     0    10     0     0     0    19     0     0     0     0
     0     0    14    20    14     0    14     0    11     0    17     0     0     0     0     0     0     0
     0     0     0     0    20     0     0    11     0    11     0     0    19     0     0    11    20     0
     0    18     0    17     0     0    10     0    11     0     0    17     0     0     0     0     0    17
     0    10    17     0    10     0     0    17     0     0     0     0     0     0     0    19    15     0
     0     0     0     0    19     0     0     0     0    17     0     0    10     0    10    20     0    16
    18    19    18     0     0     0     0     0    19     0     0    10     0    14     0     0     0     0
    17     0    14     0     0     0    19     0     0     0     0     0    14     0    12     0    18     0
    13     0     0     0    20     0     0     0     0     0     0    10     0    12     0    11    19     0
     0     0     0     0     0    14     0     0    11     0    19    20     0     0    11     0     0    14
     0     0     0    19     0     0     0     0    20     0    15     0     0    18    19     0     0    15
    17     0     0     0     0    16     0     0     0    17     0    16     0     0     0    14    15     0
