16
     0     0     0    85     0     0     0    96    87     0     0     0     0    92    91    89
     0     0     0    94    86     0    86    92     0     0    95     0     0     0    95     0
     0     0     0    95    81     0    80    99     0    93    99     0     0    88     0     0
    85    94    95     0     0    97     0     0     0   100     0    94     0     0     0    84
     0    86    81     0     0     0     0   100    96     0    84     0     0    84     0    98
     0     0     0    97     0     0     0    99     0     0    97     0     0    90    81     0
     0    86    80     0     0     0     0     0     0     0     0     0    90    95     0     0
    96    92    99     0   100    99     0     0    93     0     0    80     0    82     0     0
    87     0     0     0    96     0     0    93     0     0    84    86     0    88     0     0
     0     0    93   100     0     0     0     0     0     0     0     0    96     0     0     0
     0    95    99     0    84    97     0     0    84     0     0    81    82     0     0    88
     0     0     0    94     0     0     0    80    86     0    81     0     0    80     0     0
     0     0     0     0     0     0    90     0     0    96    82     0     0     0    81     0
    92     0    88     0    84    90    95    82    88     0     0    80     0     0    86     0
    91    95     0     0     0    81     0     0     0     0     0     0    81    86     0    93
    89     0     0    84    98     0     0     0     0     0    88     0     0     0    93     0
