20
     0     0     0     0     0     0     0     0     0     0     0    84     0     0     0    99     0     0    93     0
     0     0     0     0    93    88     0     0     0     0     0    98     0     0     0     0     0     0     0     0
     0     0     0     0    99     0     0     0     0     0     0     0     0     0    99     0    85     0    95    94
     0     0     0     0     0     0     0    97     0     0     0     0     0     0     0    87     0     0     0     0
     0    93    99     0     0     0     0     0     0     0     0    89     0     0     0    80     0     0     0     0
     0    88     0     0     0     0     0    99     0     0    82     0     0     0     0    86     0     0    98    92
     0     0     0     0     0     0     0    83     0     0     0     0     0    93    96    90     0     0     0     0
     0     0     0    97     0    99    83     0     0     0     0     0     0    95    97     0    93     0     0     0
     0     0     0     0     0     0     0     0     0     0     0     0    83     0     0     0     0     0     0     0
     0     0     0     0     0     0     0     0     0     0     0    85    98    92     0    88     0     0     0    96
     0     0     0     0     0    82     0     0     0     0     0    84     0    80    82     0     0   100     0     0
    84    98     0     0    89     0     0     0     0    85    84     0     0     0    99     0     0     0     0    99
     0     0     0     0     0     0     0     0    83    98     0     0     0     0     0    84    94     0     0     0
     0     0     0     0     0     0    93    95     0    92    80     0     0     0     0    90     0     0    99     0
     0     0    99     0     0     0    96    97     0     0    82    99     0     0     0     0     0    99     0    99
    99     0     0    87    80    86    90     0     0    88     0     0    84    90     0     0     0    97    96     0
     0     0    85     0     0     0     0    93     0     0     0     0    94     0     0     0     0    81    82     0
     0     0     0     0     0     0     0     0     0     0   100     0     0     0    99    97    81     0     0     0
    93     0    95     0     0    98     0     0     0     0     0     0     0    99     0    96    82     0     0    93
     0     0    94     0     0    92     0     0     0    96     0    99     0     0    99     0     0     0    93     0
