18
     0     0     0    17     0     0     0    14    20     0    17     0    20     0     0     0     0    14
     0     0     0    16     0    20    10    11     0     0     0    18     0     0     0    13     0     0
     0     0     0    11     0     0     0     0    18    11     0     0    18     0    13     0     0    18
    17    16    11     0    10     0     0    14     0     0     0    13     0     0     0     0     0     0
     0     0     0    10     0     0    16     0     0     0     0     0    19     0    11    12    16     0
     0    20     0     0     0     0    14     0     0     0    18    15     0    13     0     0     0    16
     0    10     0     0    16    14     0     0    12     0     0     0    15     0     0     0     0    15
    14    11     0    14     0     0     0     0    17     0     0     0     0    14    17     0     0     0
    20     0    18     0     0     0    12    17     0     0     0     0     0     0     0    12    11     0
     0     0    11     0     0     0     0     0     0     0    15    11     0    19     0     0    19    13
    17     0     0     0     0    18     0     0     0    15     0    16     0     0    18     0    10     0
     0    18     0    13     0    15     0     0     0    11    16     0     0    17     0     0     0     0
    20     0    18     0    19     0    15     0     0     0     0     0     0    15     0    19     0     0
     0     0     0     0     0    13     0    14     0    19     0    17    15     0    10     0     0     0
     0     0    13     0    11     0     0    17     0     0    18     0     0    10     0    16     0     0
     0    13     0     0    12     0     0     0    12     0     0     0    19     0    16     0    15     0
     0     0     0     0    16     0     0     0    11    19    10     0     0     0     0    15     0    18
    14     0    18     0     0    16    15     0     0    13     0     0     0     0     0     0    18     0
