18
     0    97     0     0     0     0     0     0     0     0     0    88     0     0    83     0     0     0
    97     0     0    99     0     0    82    93     0    98    80     0     0    84     0   100     0     0
     0     0     0    96     0    92     0     0     0     0    92     0     0     0     0     0    89    98
     0    99    96     0    84    99     0    94     0    96    87    98     0     0    91    94     0    90
     0     0     0    84     0     0    99     0     0     0    81    94     0    84     0     0     0     0
     0     0    92    99     0     0    93     0     0     0     0     0     0     0    87     0     0    91
     0    82     0     0    99    93     0     0     0     0    89    93    92     0    86     0     0     0
     0    93     0    94     0     0     0     0     0     0    93    82     0     0     0     0     0     0
     0     0     0     0     0     0     0     0     0    81     0     0     0     0    94    87     0    80
     0    98     0    96     0     0     0     0    81     0     0    89    99    93     0     0    98    97
     0    80    92    87    81     0    89    93     0     0     0     0     0    95     0    97     0     0
    88     0     0    98    94     0    93    82     0    89     0     0    88     0    90     0     0    81
     0     0     0     0     0     0    92     0     0    99     0    88     0     0     0    85     0     0
     0    84     0     0    84     0     0     0     0    93    95     0     0     0    99     0     0    93
    83     0     0    91     0    87    86     0    94     0     0    90     0    99     0     0     0     0
     0   100     0    94     0     0     0     0    87     0    97     0    85     0     0     0     0     0
     0     0    89     0     0     0     0     0     0    98     0     0     0     0     0     0     0     0
     0     0    98    90     0    91     0     0    80    97     0    81     0    93     0     0     0     0
