15
     0     0   199   172   100   122   180     0     0     0   110   147   184     0     0
     0     0     0   147     0     0   124     0     0     0   164     0     0     0     0
   199     0     0     0     0   193     0     0     0     0   103     0     0   157     0
   172   147     0     0     0     0     0     0   104   152   139   175     0     0   146
   100     0     0     0     0     0   185     0     0     0   116     0   189   120   167
   122     0   193     0     0     0     0   157     0   159   121   160   168     0   125
   180   124     0     0   185     0     0   122   166   163   189   188   142     0   200
     0     0     0     0     0   157   122     0     0     0   101     0   192   146   192
     0     0     0   104     0     0   166     0     0     0   122   105     0   195     0
     0     0     0   152     0   159   163     0     0     0     0     0     0   179     0
   110   164   103   139   116   121   189   101   122     0     0   176   112   184   151
   147     0     0   175     0   160   188     0   105     0   176     0   158     0   168
   184     0     0     0   189   168   142   192     0     0   112   158     0     0     0
     0     0   157     0   120     0     0   146   195   179   184     0     0     0   133
     0     0     0   146   167   125   200   192     0     0   151   168     0   133     0
