16
     0     0    75     0    54     0     0     0     0     0    80    57    67    56     0     0
     0     0     0    59     0    65    86    57     0     0     0    54     0     0    60     0
    75     0     0     0    58     0     0     0     0    66    68    74     0    80     0     0
     0    59     0     0     0    61     0     0    57    56     0     0     0     0    57    62
    54     0    58     0     0     0    91     0     0     0    86     0     0    65     0    96
     0    65     0    61     0     0    71    67   100     0     0     0    52     0     0     0
     0    86     0     0    91    71     0     0     0    96     0    74     0     0     0    56
     0    57     0     0     0    67     0     0   100     0    56     0    98     0     0    56
     0     0     0    57     0   100     0   100     0     0     0     0    65    63    92     0
     0     0    66    56     0     0    96     0     0     0     0    72     0     0    92    77
    80     0    68     0    86     0     0    56     0     0     0     0    54     0    58     0
    57    54    74     0     0     0    74     0     0    72     0     0     0    95     0     0
    67     0     0     0     0    52     0    98    65     0    54     0     0    78     0     0
    56     0    80     0    65     0     0     0    63     0     0    95    78     0     0     0
     0    60     0    57     0     0     0     0    92    92    58     0     0     0     0    62
     0     0     0    62    96     0    56    56     0    77     0     0     0     0    62     0
