16
     0    78    67     0     0     0     0     0     0    58    64     0    78     0     0    81
    78     0     0     0    62     0    72     0    52     0     0     0     0    92    77     0
    67     0     0    72     0     0     0     0    79     0    77    68     0     0    77     0
     0     0    72     0     0    88     0    59    58     0     0    74    64     0     0     0
     0    62     0     0     0    83     0    57     0    60    94     0    54     0     0     0
     0     0     0    88    83     0     0     0     0     0     0     0   100    81    73    76
     0    72     0     0     0     0     0    61    51    67     0     0    69     0     0    90
     0     0     0    59    57     0    61     0     0    95    75    76     0     0     0     0
     0    52    79    58     0     0    51     0     0    91     0     0     0    77     0     0
    58     0     0     0    60     0    67    95    91     0     0    92     0     0     0     0
    64     0    77     0    94     0     0    75     0     0     0     0     0    67     0    73
     0     0    68    74     0     0     0    76     0    92     0     0     0    95    69     0
    78     0     0    64    54   100    69     0     0     0     0     0     0     0     0    65
     0    92     0     0     0    81     0     0    77     0    67    95     0     0    72     0
     0    77    77     0     0    73     0     0     0     0     0    69     0    72     0    81
    81     0     0     0     0    76    90     0     0     0    73     0    65     0    81     0
