20
     0     0     0     0     0     0     0     0    92     0     0     0    90     0    95     0     0    87    94     0
     0     0     0     0    83     0    90     0     0    87    97     0     0     0     0     0    88    81    96     0
     0     0     0    80     0    81     0    94    91     0     0     0     0     0     0     0     0    87     0     0
     0     0    80     0     0     0     0     0     0    86     0    93    86     0     0     0    96     0    95     0
     0    83     0     0     0     0     0     0     0     0    93    86     0     0     0     0     0     0     0     0
     0     0    81     0     0     0     0     0     0     0     0     0    81     0     0    80     0     0     0    95
     0    90     0     0     0     0     0    91     0     0     0     0     0    92     0     0     0     0     0    89
     0     0    94     0     0     0    91     0     0     0     0    92    84     0     0     0     0     0     0    99
    92     0    91     0     0     0     0     0     0     0     0     0     0     0     0     0     0    85     0     0
     0    87     0    86     0     0     0     0     0     0    89    90    88     0     0     0     0   100     0     0
     0    97     0     0    93     0     0     0     0    89     0     0     0     0     0     0    97     0     0     0
     0     0     0    93    86     0     0    92     0    90     0     0     0     0    83     0     0    85     0     0
    90     0     0    86     0    81     0    84     0    88     0     0     0     0     0     0     0     0    98     0
     0     0     0     0     0     0    92     0     0     0     0     0     0     0    97    85    99     0     0     0
    95     0     0     0     0     0     0     0     0     0     0    83     0    97     0    91    97     0     0     0
     0     0     0     0     0    80     0     0     0     0     0     0     0    85    91     0     0     0     0     0
     0    88     0    96     0     0     0     0     0     0    97     0     0    99    97     0     0    85     0     0
    87    81    87     0     0     0     0     0    85   100     0    85     0     0     0     0    85     0    97     0
    94    96     0    95     0     0     0     0     0     0     0     0    98     0     0     0     0    97     0    87
     0     0     0     0     0    95    89    99     0     0     0     0     0     0     0     0     0     0    87     0
