15
     0     0     0   163   100   188     0     0   150     0     0   196   162     0     0
     0     0   126     0   146     0   139     0   170     0     0   153     0     0     0
     0   126     0   173     0     0   165   169   185     0   148   111   147     0   116
   163     0   173     0   195   181     0     0     0     0     0   113   116     0     0
   100   146     0   195     0   116     0   125     0     0     0   157     0     0   107
   188     0     0   181   116     0   172     0     0   118   150   159   148     0     0
     0   139   165     0     0   172     0   151   146   198   112     0     0     0   175
     0     0   169     0   125     0   151     0   190     0     0   125   113     0     0
   150   170   185     0     0     0   146   190     0   160     0   178   187   124   146
     0     0     0     0     0   118   198     0   160     0   137     0     0     0   138
     0     0   148     0     0   150   112     0     0   137     0     0   123   184     0
   196   153   111   113   157   159     0   125   178     0     0     0     0   155     0
   162     0   147   116     0   148     0   113   187     0   123     0     0     0   184
     0     0     0     0     0     0     0     0   124     0   184   155     0     0   130
     0     0   116     0   107     0   175     0   146   138     0     0   184   130     0
